swiss_roll,autoencoder,10,10,50,0.0005,0.3245422001927578
swiss_roll,autoencoder,10,10,50,0.001,0.33442103813851026
swiss_roll,autoencoder,10,10,50,0.005,0.3453393914360457
swiss_roll,autoencoder,10,10,50,0.01,0.355128734682638
swiss_roll,autoencoder,10,10,50,0.5,0.516129698471706
swiss_roll,autoencoder,10,10,50,0.1,0.6687732342007434
swiss_roll,autoencoder,10,20,50,0.0005,0.3379250998210106
swiss_roll,autoencoder,10,20,50,0.001,0.3373399421726559
swiss_roll,autoencoder,10,20,50,0.005,0.6507021891780257
swiss_roll,autoencoder,10,20,50,0.01,0.6505920418559823
swiss_roll,autoencoder,10,20,50,0.5,0.5191794024507778
swiss_roll,autoencoder,10,20,50,0.1,0.6573798705768966
swiss_roll,autoencoder,10,50,50,0.0005,0.6283009775574832
swiss_roll,autoencoder,10,50,50,0.001,0.3657235302216715
swiss_roll,autoencoder,10,50,50,0.005,0.63424204874019
swiss_roll,autoencoder,10,50,50,0.01,0.6315090183119922
swiss_roll,autoencoder,10,50,50,0.5,0.5164463720225803
swiss_roll,autoencoder,10,50,50,0.1,0.6452705493597687
swiss_roll,autoencoder,10,100,50,0.0005,0.3427784661985406
swiss_roll,autoencoder,10,100,50,0.001,0.3416769929781082
swiss_roll,autoencoder,10,100,50,0.005,0.33929505713892333
swiss_roll,autoencoder,10,100,50,0.01,0.6517898939832025
swiss_roll,autoencoder,10,100,50,0.5,0.5166735508742945
swiss_roll,autoencoder,10,100,50,0.1,0.6349442379182156
swiss_roll,autoencoder,20,10,50,0.0005,0.45015833677543715
swiss_roll,autoencoder,20,10,50,0.001,0.4525333884069944
swiss_roll,autoencoder,20,10,50,0.005,0.3439281288723668
swiss_roll,autoencoder,20,10,50,0.01,0.3320046812611868
swiss_roll,autoencoder,20,10,50,0.5,0.42610491532424616
swiss_roll,autoencoder,20,10,50,0.1,0.33915737298636933
swiss_roll,autoencoder,20,20,50,0.0005,0.21623296158612143
swiss_roll,autoencoder,20,20,50,0.001,0.21357565744182844
swiss_roll,autoencoder,20,20,50,0.005,0.19944237918215613
swiss_roll,autoencoder,20,20,50,0.01,0.20903208040754506
swiss_roll,autoencoder,20,20,50,0.5,0.4474666115930056
swiss_roll,autoencoder,20,20,50,0.1,0.37705493597686907
swiss_roll,autoencoder,20,50,50,0.0005,0.05222359906374776
swiss_roll,autoencoder,20,50,50,0.001,0.05114277846619853
swiss_roll,autoencoder,20,50,50,0.005,0.061290100509431365
swiss_roll,autoencoder,20,50,50,0.01,0.09371471843590802
swiss_roll,autoencoder,20,50,50,0.5,0.39693652760567255
swiss_roll,autoencoder,20,50,50,0.1,0.393253476524852
swiss_roll,autoencoder,20,100,50,0.0005,0.11220570012391574
swiss_roll,autoencoder,20,100,50,0.001,0.11084951122125844
swiss_roll,autoencoder,20,100,50,0.005,0.1402657304144293
swiss_roll,autoencoder,20,100,50,0.01,0.16916563403552254
swiss_roll,autoencoder,20,100,50,0.5,0.4200468126118684
swiss_roll,autoencoder,20,100,50,0.1,0.4023681674239295
swiss_roll,autoencoder,50,10,50,0.0005,0.1057345449538758
swiss_roll,autoencoder,50,10,50,0.001,0.10050943136444995
swiss_roll,autoencoder,50,10,50,0.005,0.11480793060718711
swiss_roll,autoencoder,50,10,50,0.01,0.2599339116067741
swiss_roll,autoencoder,50,10,50,0.5,0.4596516590940383
swiss_roll,autoencoder,50,10,50,0.1,0.3156684565606499
swiss_roll,autoencoder,50,20,50,0.0005,0.054577998072421856
swiss_roll,autoencoder,50,20,50,0.001,0.05337326173757401
swiss_roll,autoencoder,50,20,50,0.005,0.061090458488228
swiss_roll,autoencoder,50,20,50,0.01,0.07761255679471293
swiss_roll,autoencoder,50,20,50,0.5,0.45876359631006464
swiss_roll,autoencoder,50,20,50,0.1,0.35392399834779015
swiss_roll,autoencoder,50,50,50,0.0005,0.05558309238606636
swiss_roll,autoencoder,50,50,50,0.001,0.053813851025746935
swiss_roll,autoencoder,50,50,50,0.005,0.05900454357703428
swiss_roll,autoencoder,50,50,50,0.01,0.08623158474459591
swiss_roll,autoencoder,50,50,50,0.5,0.46511083574280604
swiss_roll,autoencoder,50,50,50,0.1,0.40549359768690624
swiss_roll,autoencoder,50,100,50,0.0005,0.06160677406030567
swiss_roll,autoencoder,50,100,50,0.001,0.4007779154619303
swiss_roll,autoencoder,50,100,50,0.005,0.40055762081784385
swiss_roll,autoencoder,50,100,50,0.01,0.4086327963651384
swiss_roll,autoencoder,50,100,50,0.5,0.45596172380558997
swiss_roll,autoencoder,50,100,50,0.1,0.4006608839322594
swiss_roll,autoencoder,100,10,50,0.0005,0.10947955390334572
swiss_roll,autoencoder,100,10,50,0.001,0.1087085226490431
swiss_roll,autoencoder,100,10,50,0.005,0.12379182156133829
swiss_roll,autoencoder,100,10,50,0.01,0.29556657028775984
swiss_roll,autoencoder,100,10,50,0.5,0.4602987746110422
swiss_roll,autoencoder,100,10,50,0.1,0.3043577034283354
swiss_roll,autoencoder,100,20,50,0.0005,0.04797604295745559
swiss_roll,autoencoder,100,20,50,0.001,0.046385790995456415
swiss_roll,autoencoder,100,20,50,0.005,0.059059617238055896
swiss_roll,autoencoder,100,20,50,0.01,0.07533388406994354
swiss_roll,autoencoder,100,20,50,0.5,0.4581577860388269
swiss_roll,autoencoder,100,20,50,0.1,0.32949882968470323
swiss_roll,autoencoder,100,50,50,0.0005,0.03486851163431089
swiss_roll,autoencoder,100,50,50,0.001,0.03444169076139336
swiss_roll,autoencoder,100,50,50,0.005,0.04524989673688558
swiss_roll,autoencoder,100,50,50,0.01,0.07832163018036624
swiss_roll,autoencoder,100,50,50,0.5,0.46176511083574273
swiss_roll,autoencoder,100,50,50,0.1,0.38422828032493467
swiss_roll,autoencoder,100,100,50,0.0005,0.05826793336087016
swiss_roll,autoencoder,100,100,50,0.001,0.05508742943687182
swiss_roll,autoencoder,100,100,50,0.005,0.4002202946440865
swiss_roll,autoencoder,100,100,50,0.01,0.4117306897976043
swiss_roll,autoencoder,100,100,50,0.5,0.4546468401486989
swiss_roll,autoencoder,100,100,50,0.1,0.37389508467575383